1758640215.871521,1.952,1.957,1.970,1.994,2.045,3.463,3.468,3.474,3.488,3.496
1758640216.0526347,1.952,1.957,1.970,1.994,2.045,3.463,3.468,3.474,3.488,3.496
1758640216.2393692,1.952,1.957,1.970,1.994,2.045,3.463,3.468,3.474,3.488,3.496
1758640216.407959,1.952,1.957,1.970,1.994,2.045,3.463,3.468,3.474,3.488,3.496
1758640216.56915,1.952,1.957,1.970,1.994,2.045,3.463,3.468,3.474,3.488,3.496
1758640216.7741153,1.952,1.957,1.970,1.994,2.045,3.463,3.468,3.474,3.488,3.496
1758640216.9583404,1.952,1.957,1.970,1.994,2.045,3.463,3.468,3.474,3.488,3.496
1758640217.1294715,1.952,1.957,1.970,1.994,2.045,3.463,3.468,3.474,3.488,3.496
1758640217.3102703,1.960,1.964,1.978,2.002,2.053,3.471,3.476,3.482,3.496,3.505
1758640217.5044856,1.976,1.980,1.994,2.019,2.072,2.138,2.141,2.145,2.153,2.159
1758640217.6729915,1.995,1.999,2.013,2.039,2.097,3.506,3.511,3.517,3.531,3.540
1758640217.8363118,2.014,2.019,2.033,2.059,2.122,3.525,3.530,3.536,3.550,3.559
1758640218.003411,2.023,2.028,2.042,2.068,2.134,3.534,3.539,3.545,3.559,3.568
1758640218.1765084,2.024,2.029,2.043,2.069,2.135,3.535,3.540,3.546,3.560,3.569
1758640218.3352377,2.024,2.029,2.043,2.069,2.135,3.535,3.540,3.546,3.560,3.569
1758640218.5006309,2.027,2.032,2.046,2.072,2.139,3.538,3.543,3.549,3.563,3.572
1758640218.687458,2.040,2.045,2.060,2.087,2.157,2.647,2.651,2.655,2.666,2.673
1758640218.852221,2.037,2.037,2.038,2.040,2.042,2.044,2.047,2.051,2.059,2.064
1758640219.0334094,2.076,2.081,2.097,2.101,2.103,2.106,2.109,2.113,2.121,2.126
1758640219.2028837,2.095,2.100,2.115,2.145,2.481,2.484,2.487,2.491,2.502,2.507
1758640219.3822062,2.114,2.119,2.135,2.165,3.621,3.625,3.631,3.637,3.652,3.660
1758640219.5812724,2.135,2.140,2.156,2.188,3.641,3.646,3.651,3.657,3.672,3.681
1758640219.776603,2.139,2.145,2.161,2.193,3.646,3.650,3.656,3.662,3.677,3.685
1758640219.9679084,2.139,2.145,2.161,2.193,3.646,3.650,3.656,3.662,3.677,3.685
1758640220.139811,2.139,2.145,2.161,2.193,3.646,3.650,3.656,3.662,3.677,3.685
1758640220.316737,2.139,2.145,2.161,2.193,3.646,3.650,3.656,3.662,3.677,3.685
1758640220.504858,2.149,2.154,2.170,2.203,3.511,3.516,3.521,3.527,3.541,3.550
1758640220.6692367,2.165,2.171,2.187,2.212,2.214,2.216,2.220,2.223,2.233,2.238
1758640220.8452935,1.999,1.999,2.000,2.002,2.004,2.006,2.009,2.012,2.021,2.025
1758640221.0237448,2.201,2.207,2.224,2.260,2.319,2.322,2.325,2.329,2.339,2.344
1758640221.182898,2.220,2.226,2.243,2.279,2.745,2.749,2.753,2.757,2.769,2.775
1758640221.3785524,2.240,2.246,2.264,2.301,3.747,3.751,3.757,3.763,3.779,3.788
1758640221.5706263,2.253,2.260,2.277,2.315,3.760,3.765,3.770,3.777,3.792,3.801
1758640221.7567039,2.254,2.261,2.278,2.316,3.761,3.766,3.771,3.778,3.793,3.802
1758640221.9047859,2.254,2.261,2.278,2.316,3.761,3.766,3.771,3.778,3.793,3.802
1758640222.0509748,2.254,2.261,2.278,2.316,3.761,3.766,3.771,3.778,3.793,3.802
1758640222.190681,2.258,2.264,2.282,2.320,3.765,3.770,3.775,3.781,3.797,3.806
1758640222.3912594,2.272,2.278,2.297,2.335,2.581,2.584,2.588,2.592,2.603,2.609
1758640222.5335567,2.025,2.026,2.027,2.028,2.030,2.032,2.035,2.039,2.047,2.052
1758640222.7000418,2.128,2.129,2.130,2.131,2.134,2.136,2.139,2.143,2.152,2.157
1758640222.8614793,2.326,2.333,2.353,2.394,2.456,2.459,2.463,2.467,2.477,2.483
1758640223.0164685,2.345,2.352,2.372,2.414,3.853,3.858,3.863,3.870,3.886,3.895
1758640223.1924987,2.366,2.373,2.393,2.437,3.873,3.877,3.883,3.890,3.906,3.915
1758640223.3492956,2.369,2.376,2.397,2.441,3.876,3.881,3.887,3.893,3.909,3.919
1758640223.5264122,2.369,2.376,2.397,2.441,3.876,3.881,3.887,3.893,3.909,3.919
1758640223.6736896,2.369,2.376,2.397,2.441,3.876,3.881,3.887,3.893,3.909,3.919
1758640223.8240514,2.369,2.376,2.397,2.441,3.876,3.881,3.887,3.893,3.909,3.919
1758640223.9982765,2.380,2.387,2.408,2.453,3.362,3.366,3.371,3.377,3.390,3.399
1758640224.1891696,2.180,2.181,2.182,2.183,2.186,2.188,2.191,2.195,2.204,2.209
1758640224.3612847,2.002,2.002,2.003,2.005,2.007,2.009,2.012,2.015,2.024,2.028
1758640224.5295832,2.322,2.323,2.324,2.326,2.328,2.331,2.334,2.338,2.348,2.353
1758640224.6935315,2.451,2.459,2.482,2.532,2.777,2.780,2.784,2.789,2.800,2.807
1758640224.8674068,2.472,2.479,2.503,2.555,3.979,3.984,3.989,3.996,4.013,4.022
1758640225.0332832,2.488,2.496,2.520,2.574,3.996,4.001,4.006,4.013,4.030,4.039
1758640225.2028635,2.495,2.503,2.527,2.581,4.002,4.007,4.013,4.020,4.036,4.046
1758640225.374157,2.495,2.503,2.527,2.581,4.003,4.007,4.013,4.020,4.037,4.046
1758640225.5271077,2.495,2.503,2.527,2.581,4.003,4.007,4.013,4.020,4.037,4.046
1758640225.7142856,2.500,2.508,2.532,2.586,4.007,4.012,4.018,4.025,4.041,4.051
1758640225.885948,2.514,2.516,2.518,2.519,2.522,2.525,2.529,2.533,2.543,2.549
1758640226.0598996,2.016,2.016,2.017,2.019,2.021,2.023,2.026,2.029,2.038,2.043
1758640226.2264898,2.150,2.150,2.151,2.153,2.155,2.158,2.161,2.165,2.174,2.179
1758640226.3830402,2.446,2.447,2.448,2.450,2.452,2.455,2.459,2.463,2.473,2.479
1758640226.5571752,2.587,2.596,2.622,2.686,4.096,4.101,4.106,4.113,4.130,4.140
1758640226.7074518,2.607,2.616,2.643,2.711,4.114,4.119,4.125,4.132,4.149,4.159
1758640226.8784926,2.611,2.619,2.646,2.716,4.118,4.123,4.129,4.136,4.153,4.163
1758640227.0359414,2.611,2.619,2.646,2.716,4.118,4.123,4.129,4.136,4.153,4.163
1758640227.1874328,2.611,2.619,2.646,2.716,4.118,4.123,4.129,4.136,4.153,4.163
1758640227.3446908,2.611,2.619,2.646,2.716,4.118,4.123,4.129,4.136,4.153,4.163
1758640227.517175,2.622,2.631,2.658,2.730,3.227,3.231,3.235,3.241,3.254,3.262
1758640227.7075248,2.154,2.155,2.156,2.157,2.159,2.162,2.165,2.169,2.178,2.183
1758640227.8852775,2.010,2.011,2.012,2.013,2.015,2.017,2.020,2.024,2.032,2.037
1758640228.0604122,2.358,2.359,2.360,2.362,2.364,2.367,2.371,2.375,2.384,2.390
1758640228.2155125,2.694,2.703,2.733,2.825,2.954,2.957,2.961,2.966,2.979,2.986
1758640228.3835154,2.715,2.724,2.754,4.218,4.223,4.228,4.234,4.241,4.258,4.268
1758640228.5371287,2.725,2.735,2.765,4.229,4.233,4.238,4.244,4.251,4.269,4.279
1758640228.7034698,2.726,2.735,2.765,4.229,4.234,4.239,4.245,4.252,4.269,4.280
1758640228.8755453,2.726,2.735,2.765,4.229,4.234,4.239,4.245,4.252,4.269,4.280
1758640229.0559952,2.726,2.735,2.765,4.229,4.234,4.239,4.245,4.252,4.269,4.280
1758640229.2075677,2.731,2.740,2.771,4.235,4.239,4.244,4.250,4.258,4.275,4.285
1758640229.3822684,2.464,2.465,2.466,2.468,2.470,2.473,2.477,2.481,2.491,2.497
1758640229.5398917,2.007,2.008,2.009,2.010,2.012,2.014,2.017,2.021,2.029,2.034
1758640229.7200012,2.184,2.184,2.186,2.187,2.189,2.192,2.195,2.199,2.208,2.213
1758640229.890966,2.500,2.501,2.502,2.504,2.506,2.510,2.513,2.517,2.528,2.534
1758640230.0630085,2.819,2.830,2.862,4.323,4.327,4.333,4.339,4.346,4.364,4.375
1758640230.2399244,2.838,2.849,2.881,4.342,4.346,4.351,4.357,4.365,4.383,4.393
1758640230.4517715,2.841,2.852,2.885,4.345,4.349,4.354,4.361,4.368,4.386,4.396
1758640230.6158347,2.841,2.852,2.885,4.345,4.349,4.354,4.361,4.368,4.386,4.396
1758640230.7766025,2.841,2.852,2.885,4.345,4.349,4.354,4.361,4.368,4.386,4.396
1758640230.9507914,2.841,2.852,2.885,4.345,4.349,4.354,4.361,4.368,4.386,4.396
1758640231.1043391,2.854,2.865,2.898,3.113,3.116,3.119,3.124,3.129,3.142,3.149
1758640231.2607014,2.131,2.131,2.132,2.134,2.136,2.138,2.142,2.145,2.154,2.159
1758640231.4404688,2.018,2.019,2.020,2.021,2.023,2.026,2.029,2.032,2.040,2.045
1758640231.5928597,2.372,2.372,2.373,2.375,2.377,2.380,2.384,2.388,2.398,2.403
1758640231.7758515,2.924,2.941,2.982,3.226,3.226,3.226,3.228,3.230,3.236,3.240
1758640232.0016422,4.449,4.465,4.475,4.485,4.497,4.510,4.524,4.540,4.573,4.592
1758640232.2154832,4.527,4.561,4.580,4.600,4.621,4.644,4.668,4.693,4.747,4.776
1758640232.4327598,4.642,4.692,4.719,4.748,4.778,4.810,4.843,4.877,4.951,4.990
1758640232.6371129,4.765,4.829,4.864,4.900,4.938,4.978,5.020,5.063,5.155,3.700
1758640232.8625727,4.869,4.944,4.985,5.027,5.072,5.118,5.166,3.620,3.551,3.556
1758640233.074721,4.938,5.021,5.064,5.110,5.158,3.646,3.576,3.554,3.580,3.661
1758640233.2702398,5.057,5.150,5.199,3.604,3.570,3.563,3.578,3.628,5.585,5.479
1758640233.4581735,5.207,3.583,3.575,3.589,3.637,5.554,5.598,5.490,5.293,5.201
1758640233.6910825,3.586,3.644,5.562,5.617,5.508,5.405,5.307,5.215,5.043,4.964
1758640233.8956957,5.568,5.528,5.424,5.325,5.231,5.142,5.057,4.976,4.827,4.757
1758640234.1158323,5.472,5.275,5.183,5.096,5.013,4.935,4.859,4.788,4.655,4.593
1758640234.325286,5.292,5.112,5.028,4.948,4.872,4.800,4.731,4.666,4.544,4.487
1758640234.538082,5.317,5.135,5.050,4.970,4.893,4.820,4.750,4.684,4.561,4.504
1758640234.7604244,5.574,5.368,5.273,5.182,5.096,5.014,4.936,4.862,4.724,4.660
1758640234.9530952,3.707,5.615,5.479,5.351,5.230,5.116,5.008,4.906,4.719,4.633
1758640235.1564949,3.673,3.675,3.723,5.640,5.689,5.579,5.475,5.376,5.194,5.110
1758640235.3640757,4.329,3.688,3.677,3.691,3.741,4.091,4.057,4.025,3.966,3.938
1758640235.5738714,2.375,2.393,2.402,2.413,2.424,2.436,2.448,2.461,2.489,2.505
1758640235.793624,3.720,3.734,3.801,5.712,5.703,5.594,5.491,5.394,5.213,5.129
1758640235.99937,3.767,5.757,5.665,5.559,5.457,5.361,5.269,5.183,5.021,4.947
1758640236.2156184,5.670,5.461,5.364,5.272,5.184,5.101,5.021,4.946,4.805,4.740
1758640236.422189,5.385,5.203,5.118,5.038,4.961,4.888,4.819,4.753,4.629,4.572
1758640236.6072505,5.289,5.117,5.036,4.960,4.887,4.817,4.751,4.688,4.570,4.515
1758640236.8375087,5.479,5.289,5.201,5.117,5.037,4.961,4.889,4.820,4.692,4.632
1758640237.0517528,5.779,5.562,5.461,5.365,5.274,5.188,5.105,5.027,4.881,4.814
1758640237.2753124,3.799,5.759,5.619,5.486,5.362,5.244,5.133,5.028,4.835,4.746
1758640237.4718888,3.843,3.797,3.816,3.882,5.794,5.669,5.539,5.417,5.193,5.090
1758640237.6788828,2.819,2.815,2.814,2.814,2.815,2.816,2.818,2.820,2.827,2.832
1758640237.8782034,3.852,3.835,3.870,5.122,5.243,5.372,5.508,5.549,5.360,5.273
1758640238.0875928,3.870,5.855,5.829,5.718,5.612,5.512,5.417,5.327,5.159,5.082
1758640238.3304632,5.878,5.656,5.553,5.456,5.363,5.275,5.191,5.111,4.963,4.894
1758640238.5435042,5.551,5.360,5.272,5.188,5.108,5.031,4.959,4.889,4.761,4.701
1758640238.760031,5.363,5.190,5.110,5.033,4.960,4.891,4.825,4.761,4.644,4.589
1758640238.9701674,5.421,5.243,5.161,5.082,5.007,4.936,4.868,4.803,4.682,4.626
1758640239.1815107,5.676,5.476,5.383,5.294,5.210,5.130,5.053,4.980,4.845,4.782
1758640239.3937938,5.868,5.574,5.440,5.313,5.194,5.082,4.975,4.875,4.689,4.604
1758640239.624532,3.916,3.996,5.915,5.903,5.791,5.684,5.582,5.486,5.307,5.225
1758640239.8464844,3.980,3.933,3.954,3.953,3.923,3.895,3.867,3.842,3.794,3.773
1758640240.0638251,2.436,2.459,2.471,2.484,2.497,2.512,2.527,2.543,2.576,2.595
1758640240.2581131,3.970,5.921,5.992,5.914,5.803,5.697,5.597,5.501,5.325,5.243
1758640240.4571996,5.960,5.880,5.770,5.666,5.567,5.473,5.383,5.298,5.140,5.067
1758640240.6479604,5.771,5.567,5.473,5.383,5.297,5.216,5.138,5.064,4.926,4.863
1758640240.8654509,5.498,5.320,5.238,5.159,5.084,5.012,4.944,4.878,4.757,4.701
1758640241.0933206,5.413,5.243,5.164,5.088,5.016,4.948,4.882,4.820,4.704,4.649
1758640241.3061235,5.612,5.424,5.337,5.254,5.175,5.100,5.028,4.959,4.832,4.773
1758640241.4887784,5.911,5.696,5.596,5.503,5.381,5.266,5.157,5.054,4.865,4.778
1758640241.7014313,4.101,5.801,5.659,5.526,5.400,5.282,5.170,5.064,4.869,4.779
1758640241.9022443,4.064,4.066,4.131,5.689,5.562,5.443,5.330,5.223,5.026,4.935
1758640242.0829718,2.730,2.730,2.731,2.732,2.735,2.738,2.741,2.745,2.756,2.762
1758640242.2745335,4.084,4.137,6.071,6.085,5.969,5.859,5.754,5.654,5.470,5.385
1758640242.4863865,6.057,6.045,5.931,5.823,5.720,5.623,5.530,5.441,5.277,5.201
1758640242.6925054,5.976,5.760,5.660,5.565,5.474,5.388,5.306,5.228,5.083,5.015
1758640242.8801932,5.662,5.476,5.390,5.307,5.229,5.154,5.083,5.015,4.888,4.829
1758640243.068642,5.484,5.315,5.236,5.161,5.089,5.020,4.955,4.893,4.777,4.723
1758640243.2757552,5.555,5.380,5.298,5.220,5.146,5.075,5.007,4.943,4.823,4.767
1758640243.4908462,5.810,5.612,5.520,5.432,5.349,5.269,5.193,5.121,4.987,4.924
1758640243.7106297,5.893,5.596,5.460,5.333,5.212,5.099,4.991,4.890,4.703,4.617
1758640243.9152796,4.182,6.170,6.153,6.036,5.924,5.819,5.719,5.600,5.356,5.244
1758640244.1058671,3.906,3.849,3.822,3.797,3.773,3.750,3.729,3.708,3.671,3.654
1758640244.312241,2.492,2.519,2.533,2.548,2.564,2.581,2.599,2.617,2.656,2.677
1758640244.5457752,4.274,6.218,6.099,5.987,5.879,5.778,5.681,5.589,5.419,5.340
1758640244.7546775,6.184,5.956,5.850,5.750,5.655,5.564,5.477,5.395,5.242,5.171
1758640244.9623017,5.850,5.653,5.562,5.475,5.393,5.314,5.239,5.167,5.034,4.972
1758640245.159426,5.594,5.422,5.342,5.265,5.192,5.122,5.056,4.992,4.874,4.819
1758640245.355129,5.526,5.360,5.282,5.208,5.138,5.071,5.007,4.945,4.831,4.778
1758640245.5600455,5.731,5.547,5.461,5.379,5.302,5.228,5.157,5.089,4.964,4.905
1758640245.772627,5.988,5.693,5.559,5.432,5.312,5.199,5.092,4.991,4.805,4.719
1758640245.9846478,6.146,5.835,5.693,5.559,5.433,5.314,5.202,5.095,4.900,4.810
1758640246.18364,4.304,4.399,5.565,5.452,5.345,5.243,5.146,5.055,4.885,4.807
1758640246.375478,2.633,2.635,2.638,2.641,2.645,2.649,2.654,2.660,2.673,2.680
1758640246.5759866,4.353,6.361,6.280,6.162,6.050,5.943,5.842,5.746,5.568,5.486
1758640246.7842207,6.365,6.127,6.017,5.913,5.813,5.719,5.629,5.543,5.384,5.310
1758640246.965986,6.057,5.848,5.752,5.660,5.572,5.489,5.409,5.333,5.192,5.127
1758640247.1780634,5.755,5.575,5.491,5.411,5.335,5.262,5.193,5.127,5.004,4.947
1758640247.397417,5.594,5.429,5.352,5.279,5.208,5.141,5.078,5.017,4.903,4.850
1758640247.6278229,5.678,5.506,5.426,5.349,5.276,5.206,5.140,5.076,4.958,4.903
1758640247.8212318,5.758,5.578,5.495,5.415,5.339,5.267,5.198,5.132,5.009,4.952
1758640248.0253963,5.739,5.562,5.479,5.400,5.325,5.253,5.184,5.119,4.997,4.941
1758640248.2300813,5.709,5.534,5.453,5.375,5.301,5.230,5.163,5.098,4.978,4.923
1758640248.4227014,5.523,5.365,5.291,5.221,5.154,5.090,5.029,4.971,4.862,3.051
1758640248.6592362,5.318,5.179,5.114,5.052,4.992,4.936,4.882,4.830,2.962,2.952
1758640248.865834,4.952,4.844,3.004,2.970,2.958,2.961,2.982,3.032,4.500,4.465
1758640249.0779958,4.569,4.495,4.461,4.428,4.396,4.367,4.338,4.312,4.262,4.240
1758640249.304291,4.275,4.228,4.206,4.186,4.167,4.149,4.133,4.117,4.089,4.077
1758640249.4829588,4.097,4.071,4.059,4.048,4.039,4.030,4.023,4.016,4.006,4.003
1758640249.695392,4.022,4.009,4.003,3.999,3.996,3.993,3.992,3.992,3.994,3.996
1758640249.844786,3.991,3.986,3.986,3.986,3.987,3.989,3.992,3.996,4.007,4.014
1758640250.0150056,3.981,3.981,3.982,3.985,3.988,3.992,3.997,4.003,2.582,2.546
1758640250.1751149,3.981,3.981,3.982,3.985,3.988,3.992,3.997,4.004,2.577,2.544
1758640250.3703525,3.988,3.990,3.993,3.997,4.001,4.007,4.014,2.624,2.543,2.533
1758640250.531506,4.003,4.011,4.016,4.023,4.030,2.588,2.558,2.545,2.553,2.577
1758640250.7402332,4.028,2.638,2.584,2.561,2.553,2.555,2.571,2.604,4.141,4.158
1758640250.9450955,2.644,4.159,4.177,4.196,4.216,4.238,4.261,4.285,4.336,4.364
1758640251.138585,4.319,4.374,4.404,4.357,4.216,4.086,3.964,3.851,0.672,0.654
1758640251.3379612,3.812,0.655,0.640,0.628,0.620,0.612,0.606,0.602,0.595,0.593
1758640251.5283346,0.596,0.587,0.584,0.582,0.580,0.579,0.580,0.580,0.583,0.586
1758640251.7200594,0.576,0.575,0.575,0.576,0.578,0.581,0.583,0.588,0.599,0.608
1758640251.9396033,0.568,0.571,0.574,0.576,0.581,0.587,0.592,0.601,0.623,0.640
1758640252.1472554,0.566,0.571,0.574,0.578,0.584,0.589,0.597,0.606,0.633,0.659
1758640252.3555713,0.569,0.575,0.578,0.583,0.588,0.595,0.603,0.613,0.646,0.684
1758640252.584556,0.585,0.593,0.599,0.606,0.615,0.626,0.641,0.663,2.259,2.235
1758640252.808131,0.609,0.624,0.634,0.650,0.671,2.300,2.274,2.249,2.202,2.180
1758640253.0155418,2.304,2.252,2.228,2.205,2.183,2.162,2.142,2.122,2.087,2.070
1758640253.2051623,2.122,2.086,2.070,2.054,2.039,2.024,2.011,1.998,1.974,1.963
1758640253.40108,1.978,1.955,1.944,1.934,1.925,1.916,1.908,1.900,1.887,1.881
1758640253.610179,1.885,1.872,1.866,1.861,1.856,1.852,1.848,1.844,1.839,1.837
1758640253.824753,1.846,1.838,1.836,1.833,1.831,1.830,1.829,1.828,1.828,1.828
1758640253.9730697,1.826,1.823,1.822,1.822,1.822,1.822,1.823,1.825,1.829,1.831
1758640254.158187,1.819,1.818,1.818,1.819,1.820,1.821,1.823,1.825,1.831,1.834
1758640254.3110979,1.819,1.818,1.818,1.819,1.820,1.821,1.823,1.825,1.831,1.834
1758640254.4792697,1.826,1.826,1.827,1.828,1.830,1.832,1.834,1.837,1.844,1.849
1758640254.6277306,1.837,1.840,1.842,1.844,1.847,1.850,1.854,1.858,1.868,1.874
1758640254.8031821,1.853,1.859,1.862,1.866,1.870,1.875,1.880,1.886,1.898,1.905
1758640255.0015953,1.874,1.882,1.887,1.892,1.898,1.904,1.911,1.918,1.934,1.942
1758640255.2247467,1.897,1.907,1.913,1.919,1.926,1.933,1.941,1.949,1.968,1.978
1758640255.454639,1.912,1.922,1.928,1.934,1.941,1.949,1.956,1.965,1.983,1.993
1758640255.6443594,1.926,1.934,1.939,1.944,1.950,1.956,1.963,1.971,1.987,1.996
1758640255.8407438,1.933,1.939,1.943,1.948,1.953,1.958,1.964,1.971,1.985,1.993
1758640256.0069687,1.938,1.942,1.945,1.948,1.952,1.956,1.961,1.966,1.977,1.984
1758640256.1772733,1.947,1.948,1.950,1.952,1.954,1.957,1.960,1.964,1.973,1.978
1758640256.3448477,1.956,1.956,1.957,1.958,1.960,1.962,1.965,1.968,1.976,1.981
1758640256.5139942,1.968,1.970,1.971,1.973,1.975,1.978,1.981,1.985,1.994,2.000
1758640256.659598,1.983,1.986,1.989,1.992,1.995,1.999,2.004,2.009,2.020,2.027
1758640256.8673396,2.001,2.007,2.011,2.016,2.021,2.027,2.033,2.039,2.054,2.062
1758640257.1023588,2.023,2.033,2.039,2.045,2.051,2.058,2.066,2.074,2.092,2.102
1758640257.3238642,2.042,2.052,2.058,2.065,2.072,2.079,2.087,2.096,2.115,2.125
1758640257.5120301,2.056,2.065,2.070,2.076,2.083,2.090,2.097,2.105,2.123,2.133
1758640257.7114055,2.068,2.075,2.079,2.084,2.090,2.095,2.102,2.109,2.124,2.133
1758640257.8519127,2.072,2.078,2.081,2.085,2.089,2.094,2.099,2.105,2.118,2.126
1758640258.0440218,2.080,2.083,2.084,2.087,2.090,2.093,2.097,2.101,2.111,2.117
1758640258.2102954,2.090,2.090,2.090,2.091,2.093,2.095,2.098,2.101,2.108,2.113
1758640258.3723238,2.100,2.101,2.101,2.103,2.105,2.107,2.110,2.113,2.122,2.127
1758640258.52063,2.113,2.115,2.117,2.119,2.122,2.126,2.130,2.134,2.144,2.150
1758640258.681602,2.129,2.134,2.137,2.141,2.146,2.151,2.156,2.162,2.176,2.183
1758640258.8624797,2.149,2.158,2.163,2.168,2.174,2.181,2.188,2.196,2.213,2.222
1758640259.086592,2.172,2.182,2.188,2.195,2.202,2.210,2.219,2.227,2.247,2.258
1758640259.2811007,2.187,2.197,2.203,2.210,2.217,2.225,2.233,2.242,2.262,2.272
1758640259.491835,2.200,2.208,2.213,2.219,2.225,2.231,2.239,2.246,2.263,2.273
1758640259.6492982,2.207,2.213,2.217,2.222,2.227,2.232,2.239,2.245,2.260,2.269
1758640259.7984815,2.213,2.217,2.219,2.222,2.226,2.230,2.234,2.240,2.252,2.258
1758640259.9873102,2.224,2.224,2.225,2.227,2.229,2.231,2.234,2.238,2.247,2.252
1758640260.1562824,2.233,2.232,2.233,2.234,2.235,2.237,2.240,2.243,2.251,2.256
1758640260.322393,2.245,2.245,2.247,2.248,2.251,2.253,2.257,2.261,2.270,2.276
1758640260.5030344,2.258,2.262,2.264,2.267,2.271,2.275,2.280,2.285,2.298,2.305
1758640260.7445464,2.276,2.283,2.287,2.292,2.298,2.304,2.310,2.317,2.333,2.342
1758640260.9492078,2.299,2.310,2.316,2.322,2.329,2.337,2.345,2.354,2.374,2.385
1758640261.1683702,2.309,2.319,2.325,2.331,2.338,2.346,2.354,2.362,2.382,2.392
1758640261.3238595,2.296,2.296,2.297,2.298,2.300,2.303,2.306,2.310,2.319,2.324
1758640261.5358412,2.327,2.317,2.312,2.309,2.306,2.303,2.301,2.300,2.299,2.299
1758640261.7499492,2.408,2.386,2.377,2.368,2.359,2.351,2.344,2.338,2.327,2.322
1758640261.9491851,0.977,1.017,1.073,2.462,2.448,2.435,2.422,2.411,2.389,2.380
1758640262.172512,0.941,0.944,0.947,0.954,0.962,0.973,0.989,1.012,2.460,2.446
1758640262.3931172,0.944,0.939,0.939,0.941,0.944,0.950,0.956,0.967,1.000,1.035
1758640262.57708,0.944,0.939,0.938,0.940,0.943,0.948,0.955,0.965,0.996,1.026
1758640262.768586,0.944,0.939,0.938,0.940,0.943,0.948,0.955,0.965,0.996,1.026
1758640262.972606,0.945,0.939,0.938,0.939,0.942,0.946,0.953,0.962,0.991,1.016
1758640263.192246,1.030,0.978,0.965,0.955,0.948,0.943,0.939,0.938,0.940,0.943
1758640263.399742,3.188,3.097,3.054,3.013,2.974,2.937,2.901,1.014,0.973,0.961
1758640263.6033614,3.733,3.591,3.525,3.463,3.404,3.347,3.294,3.243,3.148,3.104
1758640263.8156228,4.606,4.371,4.264,4.163,4.068,3.979,3.894,3.814,3.667,3.599
1758640264.0011609,2.700,4.362,4.393,4.425,4.458,4.493,4.530,4.568,4.516,4.403
1758640264.1926894,4.118,4.153,2.753,2.692,2.667,2.658,2.662,2.678,4.339,4.368
1758640264.407033,4.039,4.061,4.074,4.088,4.103,4.118,4.135,4.153,2.681,2.661
1758640264.614176,4.020,4.039,4.049,4.061,4.074,4.088,4.103,4.119,4.154,2.713
1758640264.8348384,4.020,4.038,4.049,4.061,4.074,4.087,4.102,4.118,4.153,2.714
1758640265.0385685,4.020,4.038,4.049,4.061,4.074,4.087,4.102,4.118,4.153,2.714
1758640265.2100236,4.000,4.011,4.019,4.027,4.036,4.047,4.058,4.070,4.098,4.113
1758640265.3847291,3.995,3.991,3.990,3.990,3.991,3.994,3.997,4.001,4.012,4.018
1758640265.594585,4.069,4.046,4.036,4.028,4.020,4.013,4.008,4.003,3.997,3.995
1758640265.8084712,4.231,4.188,4.168,4.149,4.132,4.116,4.101,4.087,4.063,4.053
1758640265.986609,4.496,2.769,2.750,2.747,2.756,2.784,2.856,4.259,4.214,4.194
1758640266.1906164,4.814,4.718,4.672,4.629,4.588,4.549,4.512,4.476,2.755,2.742
1758640266.42267,4.924,4.840,4.790,4.742,4.696,4.652,4.611,4.571,4.497,2.818
1758640266.6347878,4.878,4.778,4.731,4.686,4.643,4.603,4.564,4.527,2.802,2.775
1758640266.841616,4.760,4.671,4.629,4.589,4.551,4.515,2.827,2.793,2.778,2.792
1758640267.070031,4.644,4.565,4.529,2.841,2.805,2.791,2.790,2.804,4.318,4.293
1758640267.2798018,4.543,2.818,2.802,2.801,2.815,2.847,4.329,4.305,4.260,4.239
1758640267.4971495,2.903,2.821,2.814,2.821,2.845,2.904,4.329,4.305,4.261,4.241
1758640267.689131,4.633,2.933,2.862,2.836,2.827,2.833,2.854,2.907,4.322,4.300
1758640267.8965921,4.768,4.682,4.642,4.603,2.932,2.871,2.847,2.840,2.870,2.926
1758640268.0992231,4.920,4.822,4.776,4.732,4.691,4.651,4.613,2.936,2.859,2.853
1758640268.297656,5.084,4.973,4.921,4.871,4.824,4.778,4.735,4.694,4.618,2.931
1758640268.5202382,5.177,5.059,5.004,4.951,4.901,4.853,4.807,4.763,4.682,4.644
1758640268.7317166,5.095,4.985,4.934,4.884,4.837,4.793,4.750,4.709,4.633,2.940
1758640268.9239247,4.951,4.854,4.808,4.765,4.724,4.684,4.647,2.953,2.906,2.907
1758640269.1208043,4.821,4.736,4.696,4.659,2.964,2.930,2.918,2.920,2.982,4.440
1758640269.3298225,4.707,2.973,2.941,2.929,2.933,2.952,3.004,4.449,4.400,4.378
1758640269.546712,2.973,2.942,2.951,2.979,3.065,4.454,4.429,4.405,4.361,4.342
1758640269.7592695,3.063,2.964,2.956,2.964,2.992,3.070,4.470,4.445,4.398,4.377
1758640269.9751005,4.808,4.727,3.037,2.990,2.972,2.970,2.985,3.022,4.474,4.450
1758640270.1924455,4.951,4.859,4.816,4.775,4.736,3.042,3.000,2.984,2.999,3.039
1758640270.4143205,5.112,5.007,4.958,4.911,4.867,4.824,4.783,4.745,3.010,2.996
1758640270.606259,5.269,5.151,5.097,5.044,4.994,4.947,4.901,4.858,4.777,3.104
1758640270.7802773,5.254,5.139,5.086,5.034,4.985,4.939,4.894,4.852,4.772,3.078
1758640270.9666183,5.127,5.024,4.976,4.930,4.886,4.844,4.804,3.131,3.041,3.035
1758640271.1712599,4.988,4.897,4.855,4.814,3.137,3.075,3.052,3.047,3.091,4.582
1758640271.376667,4.868,3.150,3.086,3.063,3.059,3.071,3.106,4.592,4.539,4.515
1758640271.6030858,3.096,3.071,3.085,3.123,4.601,4.574,4.548,4.524,4.479,4.459
1758640271.8088386,3.099,3.089,3.111,3.171,4.605,4.578,4.553,4.529,4.485,4.465
1758640271.99444,4.854,3.113,3.099,3.103,3.124,3.182,4.620,4.593,4.543,4.521
1758640272.2089999,4.989,4.903,4.863,3.160,3.124,3.112,3.116,3.140,4.631,4.604
1758640272.409137,5.143,5.045,4.999,4.955,4.913,4.873,3.169,3.135,3.130,3.154
1758640272.6269958,5.309,5.197,5.144,5.094,5.047,5.001,4.958,4.916,3.172,3.144
1758640272.8262806,5.390,5.272,5.217,5.165,5.114,5.067,5.021,4.977,4.896,3.194
1758640273.0152369,5.304,5.195,5.144,5.095,5.048,5.004,4.961,4.921,3.181,3.166
1758640273.2033277,5.160,5.064,5.019,4.976,4.935,3.237,3.193,3.178,3.201,3.258
1758640273.400357,5.032,4.947,3.249,3.205,3.190,3.193,3.215,3.276,4.681,4.655
1758640273.6298552,3.257,3.201,3.205,3.230,3.302,4.717,4.690,4.664,4.615,4.594
1758640273.846632,3.213,3.250,4.756,4.727,4.699,4.672,4.648,4.624,4.582,4.562
1758640274.036038,3.244,3.232,3.256,3.327,4.747,4.718,4.692,4.667,4.621,4.600
1758640274.2461035,5.031,3.282,3.250,3.241,3.250,3.283,4.780,4.751,4.697,4.673
1758640274.4914064,5.176,5.084,5.041,4.999,3.291,3.261,3.254,3.264,4.791,4.762
1758640274.6886663,5.339,5.233,5.184,5.136,5.092,5.049,3.388,3.298,3.267,3.279
1758640274.8811362,5.493,5.375,5.320,5.268,5.217,5.169,5.124,5.080,3.336,3.294
1758640275.0899153,5.465,5.351,5.298,5.246,5.198,5.151,5.107,5.065,3.318,3.298
1758640275.3100374,5.336,5.234,5.186,5.140,5.097,5.055,3.348,3.316,3.317,3.351
1758640275.5248098,5.199,5.109,5.067,3.359,3.327,3.319,3.330,3.368,4.825,4.797
1758640275.7256875,5.080,3.339,3.331,3.342,3.381,4.865,4.835,4.807,4.756,4.732
1758640275.9227145,3.343,3.397,4.875,4.845,4.816,4.789,4.764,4.740,4.697,4.677
1758640276.123809,3.358,3.424,4.885,4.855,4.827,4.800,4.775,4.751,4.708,4.688
1758640276.3490057,3.406,3.371,3.386,3.431,4.902,4.872,4.844,4.817,4.767,4.681
1758640276.5584629,5.214,3.510,3.415,3.388,3.384,3.401,3.450,4.912,4.854,4.828
1758640276.7534769,5.369,5.270,5.224,5.179,3.505,3.424,3.400,3.397,3.467,4.924
1758640276.9728732,5.535,5.422,5.370,5.319,5.271,5.226,5.182,3.485,3.411,3.412
1758640277.1739001,5.605,5.488,5.433,5.380,5.330,5.283,5.237,5.194,3.444,3.426
1758640277.38358,5.514,5.405,5.355,5.306,5.260,5.216,3.532,3.463,3.439,3.459
1758640277.6072524,5.370,5.275,5.230,3.549,3.476,3.452,3.451,3.471,4.972,4.942
1758640277.8301246,5.243,3.488,3.464,3.463,3.484,3.548,4.983,4.953,4.897,4.872
1758640278.016872,3.475,3.498,3.573,4.992,4.961,4.933,4.906,4.880,4.833,4.812
1758640278.232987,3.512,5.006,4.976,4.947,4.919,4.893,4.869,4.846,4.804,4.785
1758640278.4589233,3.501,3.565,5.030,4.999,4.970,4.942,4.915,4.890,4.845,4.824
1758640278.6667655,3.620,3.516,3.516,3.538,3.612,5.034,5.004,4.905,4.719,4.634
1758640278.869127,5.285,3.530,3.515,3.522,3.554,5.057,5.025,4.995,4.939,4.914
1758640279.0805585,3.503,3.528,3.608,5.019,4.988,4.959,4.932,4.906,4.859,4.837
1758640279.3108172,5.036,4.973,4.945,4.917,4.892,4.867,4.845,4.823,4.785,4.768
1758640279.5325596,4.884,4.838,4.817,4.798,4.780,4.763,4.748,4.734,4.709,4.698
1758640279.7440977,4.802,4.768,4.753,4.739,4.726,4.714,4.704,4.695,4.680,4.675
1758640279.9861841,4.760,4.734,4.722,4.712,4.703,4.696,4.689,4.684,4.676,4.674
1758640280.2070153,4.734,4.715,4.707,4.700,4.695,4.691,4.688,4.686,4.685,4.686
1758640280.3940978,4.717,4.705,4.701,4.698,4.696,4.695,4.695,4.697,4.703,4.707
1758640280.557485,4.694,4.697,4.700,4.704,4.710,4.716,4.724,3.287,3.239,3.245
1758640280.7403061,4.712,3.265,3.238,3.232,3.245,3.284,4.794,4.811,4.847,4.868
1758640280.9433303,3.236,4.786,4.802,4.820,4.840,4.860,4.882,4.905,1.238,1.221
1758640281.1390946,4.804,4.843,4.865,4.888,1.267,1.235,1.215,1.202,1.188,1.185
1758640281.3583248,4.850,1.263,1.227,1.207,1.193,1.182,1.177,1.173,1.174,1.178
1758640281.5749009,1.186,1.171,1.169,1.169,1.171,1.176,1.184,1.196,1.240,3.680
1758640281.7814739,1.185,1.210,1.231,1.270,3.632,3.542,3.458,3.379,3.235,3.168
1758640282.0007155,3.649,3.473,3.392,3.316,3.245,3.177,3.113,3.052,2.940,2.889
1758640282.2094173,3.372,3.227,3.160,3.096,3.036,2.979,2.925,2.874,2.779,2.735
1758640282.4271393,3.186,3.061,3.002,2.947,2.895,2.845,2.798,2.753,2.669,2.631
1758640282.644825,2.931,2.829,2.783,2.738,2.695,2.655,2.616,2.579,2.511,2.479
1758640282.8629644,2.611,2.538,2.504,2.472,2.441,2.411,2.383,2.356,2.306,2.283
1758640283.0981758,2.424,2.367,2.340,2.314,2.290,2.267,2.245,2.223,2.184,2.166
1758640283.298974,2.310,2.261,2.239,2.217,2.197,2.177,2.159,2.141,2.108,2.093
1758640283.5411112,2.227,2.185,2.165,2.147,2.129,2.112,2.096,2.080,2.052,2.039
1758640283.748604,2.147,2.111,2.095,2.079,2.064,2.050,2.036,2.024,2.000,1.989
1758640283.9469237,2.033,2.009,1.997,1.986,1.976,1.966,1.957,1.949,1.934,1.927
1758640284.1820834,1.970,1.953,1.945,1.937,1.931,1.924,1.918,1.913,1.904,1.900
1758640284.4003022,1.940,1.928,1.922,1.917,1.913,1.908,1.905,1.902,1.897,1.896
1758640284.6199446,1.930,1.921,1.917,1.914,1.911,1.909,1.907,1.905,1.904,1.904
1758640284.8223388,1.930,1.924,1.921,1.919,1.917,1.916,1.916,1.915,1.916,1.917
1758640285.0317135,1.947,1.940,1.937,1.935,1.933,1.931,1.930,1.930,1.930,1.931
1758640285.232895,1.971,1.962,1.958,1.955,1.952,1.949,1.947,1.946,1.944,1.944
1758640285.460711,2.002,1.989,1.984,1.979,1.974,1.970,1.967,1.964,1.959,1.958
1758640285.6671822,1.997,1.985,1.980,1.975,1.970,1.966,1.963,1.960,1.956,1.954
1758640285.8677475,1.968,1.958,1.954,1.950,1.947,1.945,1.943,1.941,1.939,1.939
1758640286.0326788,1.938,1.935,1.933,1.933,1.932,1.933,1.933,1.934,1.938,1.940
1758640286.1955633,1.936,1.940,1.942,1.945,1.949,1.953,1.957,1.962,1.973,1.979
1758640286.410222,1.963,1.973,1.979,1.985,1.992,1.999,2.007,2.015,2.033,2.043
1758640286.6069968,1.996,2.011,2.019,2.028,2.037,2.047,2.058,2.069,2.093,2.106
1758640286.815312,2.035,2.054,2.064,2.075,2.087,2.099,2.112,2.126,2.155,2.170
1758640287.0135927,2.071,2.093,2.105,2.118,2.131,2.145,2.160,2.176,2.209,2.226
1758640287.2305517,2.090,2.113,2.126,2.139,2.153,2.168,2.183,2.199,2.233,2.251
1758640287.4675336,2.090,2.111,2.123,2.136,2.149,2.163,2.177,2.192,2.224,2.241
1758640287.6781936,2.051,2.066,2.075,2.084,2.094,2.104,2.115,2.126,2.151,2.164
1758640287.8838384,2.022,2.028,2.032,2.036,2.041,2.046,2.052,2.059,2.073,2.081
1758640288.0353582,2.017,2.015,2.014,2.014,2.015,2.016,2.017,2.019,2.024,2.027
1758640288.2365162,2.045,2.033,2.029,2.024,2.021,2.017,2.014,2.012,2.009,2.008
1758640288.450407,2.095,2.076,2.067,2.059,2.051,2.044,2.038,2.032,2.022,2.017
1758640288.637585,2.151,2.125,2.113,2.102,2.092,2.082,2.073,2.064,2.049,2.042
1758640288.8447735,2.185,2.156,2.142,2.129,2.117,2.106,2.095,2.085,2.066,2.058
1758640289.0524142,2.189,2.159,2.145,2.132,2.120,2.108,2.097,2.086,2.068,2.059
1758640289.257077,2.197,2.167,2.152,2.139,2.127,2.115,2.103,2.093,2.073,2.064
1758640289.4579713,2.242,2.208,2.193,2.178,2.164,2.150,2.138,2.126,2.104,2.094
1758640289.6705747,2.312,2.273,2.254,2.237,2.220,2.205,2.190,2.176,2.149,2.137
1758640289.8897688,2.510,2.455,2.429,2.404,2.380,2.358,2.336,2.315,2.277,2.259
1758640290.0972252,2.838,2.755,2.716,2.679,2.644,2.610,2.578,2.547,2.490,2.463
1758640290.3073285,3.297,3.171,3.113,3.057,3.005,2.954,2.907,2.862,2.778,2.739
1758640290.52001,1.235,1.251,1.267,1.290,1.338,3.442,3.370,3.302,3.178,3.120
1758640290.7319405,1.253,1.233,1.229,1.227,1.227,1.232,1.238,1.248,1.287,1.333
1758640290.9564946,5.000,1.297,1.268,1.250,1.237,1.229,1.224,1.222,1.226,1.232
1758640291.151743,4.961,5.022,1.300,1.268,1.249,1.235,1.227,1.222,1.219,1.222
1758640291.3744318,4.961,5.022,1.300,1.268,1.249,1.235,1.227,1.222,1.219,1.222
1758640291.6034777,4.925,4.981,5.011,1.340,1.289,1.264,1.249,1.238,1.227,1.226
1758640291.8147337,4.870,4.918,4.945,4.972,5.002,5.032,1.325,1.289,1.255,1.246
1758640292.0310378,4.822,4.862,4.884,4.908,4.933,4.959,4.987,4.904,1.331,1.299
1758640292.2279005,3.261,3.319,4.843,4.862,4.884,4.906,4.901,4.825,4.682,4.616
1758640292.3933687,2.402,2.400,2.399,2.399,2.400,2.401,2.403,2.406,2.412,2.416
1758640292.6362338,3.295,3.370,3.442,3.488,3.536,3.587,3.639,3.693,3.810,3.872
1758640292.8569827,3.378,4.921,4.942,4.966,4.990,5.016,5.044,5.073,1.426,1.377
1758640293.0759828,4.928,4.973,4.998,5.024,5.051,5.080,5.111,1.433,1.362,1.346
1758640293.3167305,5.002,5.055,5.083,5.114,1.463,1.400,1.374,1.358,1.341,1.338
1758640293.52284,5.057,5.116,5.148,1.411,1.383,1.366,1.356,1.349,1.345,1.348
1759562540.2601783,1.952,1.957,1.970,1.994,2.045,3.463,3.468,3.474,3.488,3.496
1759562540.4520137,1.952,1.957,1.970,1.994,2.045,3.463,3.468,3.474,3.488,3.496
1759562540.61051,1.952,1.957,1.970,1.994,2.045,3.463,3.468,3.474,3.488,3.496
1759562540.8044374,1.952,1.957,1.970,1.994,2.045,3.463,3.468,3.474,3.488,3.496
1759562540.9768407,1.952,1.957,1.970,1.994,2.045,3.463,3.468,3.474,3.488,3.496
1759562541.1630135,1.952,1.957,1.970,1.994,2.045,3.463,3.468,3.474,3.488,3.496
1759562541.343055,1.952,1.957,1.970,1.994,2.045,3.463,3.468,3.474,3.488,3.496
1759562541.531525,1.952,1.957,1.970,1.994,2.045,3.463,3.468,3.474,3.488,3.496
1759562541.6915922,1.952,1.957,1.970,1.994,2.045,3.463,3.468,3.474,3.488,3.496
1759562541.8911502,1.952,1.957,1.970,1.994,2.045,3.463,3.468,3.474,3.488,3.496
1759562542.066498,1.952,1.957,1.970,1.994,2.045,3.463,3.468,3.474,3.488,3.496
1759562542.2632217,1.952,1.957,1.970,1.994,2.045,3.463,3.468,3.474,3.488,3.496
1759562542.4590633,1.952,1.957,1.970,1.994,2.045,3.463,3.468,3.474,3.488,3.496
1759562542.6334414,1.952,1.957,1.970,1.994,2.045,3.463,3.468,3.474,3.488,3.496
1759562542.884155,1.952,1.957,1.970,1.994,2.045,3.463,3.468,3.474,3.488,3.496
1759562543.0135567,1.952,1.957,1.970,1.994,2.045,3.463,3.468,3.474,3.488,3.496
1759562543.2650125,1.952,1.957,1.970,1.994,2.045,3.463,3.468,3.474,3.488,3.496
1759562543.483472,1.952,1.957,1.970,1.994,2.045,3.463,3.468,3.474,3.488,3.496
1759562543.6864254,1.952,1.957,1.970,1.994,2.045,3.463,3.468,3.474,3.488,3.496
1759562543.8535652,1.952,1.957,1.970,1.994,2.045,3.463,3.468,3.474,3.488,3.496
1759562544.0510814,1.952,1.957,1.970,1.994,2.045,3.463,3.468,3.474,3.488,3.496
1759562545.4025712,1.964,1.969,1.982,2.007,2.059,3.183,3.188,3.193,3.206,3.214
1759562545.5942144,1.981,1.986,1.999,2.024,2.079,2.404,2.408,2.412,2.422,2.427
1759562545.7965963,2.002,2.007,2.021,2.047,2.107,3.513,3.518,3.524,3.539,3.547
1759562546.0018787,2.018,2.023,2.037,2.063,2.127,3.529,3.534,3.540,3.554,3.563
1759562546.2163303,2.024,2.029,2.043,2.069,2.135,3.535,3.540,3.546,3.560,3.569
1759562546.410155,2.024,2.029,2.043,2.069,2.135,3.535,3.540,3.546,3.560,3.569
1759562546.5964947,2.024,2.029,2.043,2.069,2.135,3.535,3.540,3.546,3.560,3.569
1759562546.7689698,2.030,2.035,2.050,2.076,2.143,3.542,3.547,3.553,3.567,3.576
1759562546.959448,2.045,2.050,2.065,2.092,2.163,2.362,2.365,2.369,2.379,2.385
1759562547.139901,1.997,1.998,1.998,2.000,2.002,2.004,2.007,2.011,2.019,2.024
1759562547.3497481,2.082,2.087,2.102,2.131,2.245,2.248,2.251,2.255,2.264,2.270
1759562547.560052,2.100,2.105,2.121,2.151,2.574,2.577,2.581,2.585,2.596,2.602
1759562547.7503264,2.120,2.125,2.141,2.172,3.627,3.631,3.636,3.642,3.657,3.666
1759562547.929211,2.137,2.142,2.159,2.190,3.644,3.648,3.653,3.660,3.675,3.683
1759562548.0868964,2.139,2.144,2.161,2.193,3.646,3.650,3.655,3.662,3.677,3.685
1759562548.2735145,2.139,2.144,2.161,2.193,3.646,3.650,3.655,3.662,3.677,3.685
1759562548.501967,2.139,2.144,2.161,2.193,3.646,3.650,3.655,3.662,3.677,3.685
1759562548.6898832,2.140,2.146,2.162,2.194,3.647,3.651,3.657,3.663,3.678,3.687
1759562548.8723907,2.153,2.158,2.175,2.207,2.882,2.885,2.890,2.894,2.906,2.913
1759562549.0677323,2.082,2.082,2.083,2.085,2.087,2.089,2.092,2.096,2.105,2.110
1759562549.265501,2.043,2.043,2.044,2.046,2.048,2.050,2.053,2.057,2.065,2.070
1759562549.4484215,2.207,2.213,2.230,2.265,2.415,2.418,2.422,2.426,2.436,2.442
1759562549.6336124,2.225,2.231,2.249,2.285,3.308,3.312,3.317,3.323,3.336,3.344
1759562549.8282642,2.247,2.253,2.271,2.308,3.754,3.758,3.764,3.770,3.786,3.795
1759562550.02371,2.254,2.260,2.278,2.316,3.761,3.765,3.771,3.777,3.793,3.802
1759562550.2330391,2.254,2.260,2.278,2.316,3.761,3.765,3.771,3.777,3.793,3.802
1759562550.4544876,2.254,2.260,2.278,2.316,3.761,3.765,3.771,3.777,3.793,3.802
1759562550.6428218,2.254,2.260,2.278,2.316,3.761,3.765,3.771,3.777,3.793,3.802
1759562550.8566425,2.261,2.267,2.285,2.324,3.769,3.773,3.779,3.785,3.801,3.810
1759562551.050713,2.277,2.283,2.301,2.317,2.319,2.322,2.325,2.329,2.339,2.344
1759562551.2518408,1.995,1.995,1.996,1.998,2.000,2.002,2.005,2.008,2.016,2.021
1759562551.4364614,2.265,2.265,2.266,2.268,2.270,2.273,2.276,2.280,2.289,2.295
1759562551.6221623,2.332,2.338,2.358,2.399,2.636,2.639,2.643,2.647,2.658,2.665
1759562551.8246267,2.351,2.358,2.378,2.420,3.858,3.863,3.868,3.875,3.891,3.900
1759562552.0399024,2.367,2.374,2.395,2.439,3.874,3.879,3.885,3.891,3.907,3.916
1759562552.1982443,2.369,2.376,2.397,2.441,3.876,3.881,3.887,3.893,3.909,3.918
1759562552.4080927,2.369,2.376,2.397,2.441,3.876,3.881,3.887,3.893,3.909,3.918
1759562552.6009078,2.369,2.376,2.397,2.441,3.876,3.881,3.887,3.893,3.909,3.918
1759562552.79782,2.371,2.378,2.399,2.443,3.878,3.883,3.889,3.895,3.911,3.920
1759562553.000963,2.384,2.392,2.413,2.458,2.795,2.798,2.802,2.807,2.819,2.825
1759562553.1949623,2.065,2.066,2.067,2.069,2.071,2.073,2.076,2.080,2.088,2.093
1759562553.386553,2.059,2.060,2.061,2.062,2.064,2.067,2.070,2.073,2.082,2.087
1759562553.5846753,2.395,2.396,2.397,2.398,2.401,2.404,2.407,2.411,2.421,2.427
1759562553.8113751,2.457,2.464,2.487,2.538,3.307,3.311,3.316,3.322,3.335,3.343
1759562554.03393,2.478,2.486,2.509,2.562,3.985,3.990,3.996,4.003,4.019,4.029
1759562554.224951,2.484,2.492,2.516,2.569,3.992,3.997,4.002,4.009,4.026,4.035
1759562554.4036825,2.485,2.492,2.516,2.569,3.992,3.997,4.002,4.009,4.026,4.035
1759562554.5702212,2.485,2.492,2.516,2.569,3.992,3.997,4.002,4.009,4.026,4.035
1759562554.7734904,2.485,2.492,2.516,2.569,3.992,3.997,4.002,4.009,4.026,4.035
1759562554.9778514,2.493,2.501,2.524,2.578,3.867,3.872,3.877,3.884,3.900,3.909
1759562555.1644907,2.276,2.277,2.278,2.279,2.282,2.284,2.288,2.292,2.301,2.306
1759562555.346392,1.992,1.993,1.994,1.995,1.997,2.000,2.003,2.006,2.014,2.019
1759562555.529129,2.282,2.282,2.283,2.285,2.287,2.290,2.293,2.297,2.307,2.312
1759562555.7061706,2.564,2.572,2.598,2.658,2.661,2.664,2.668,2.672,2.683,2.690
1759562555.8853984,4.083,2.656,2.603,2.580,2.572,2.574,2.591,2.626,4.083,4.089
1759562556.1321719,4.151,4.127,4.116,4.107,4.099,4.091,4.085,4.080,2.651,2.600
1759562556.4075055,4.258,4.218,4.201,4.184,4.169,4.154,4.141,4.129,4.108,4.099
1759562556.6085923,4.378,4.325,4.301,4.278,4.256,4.236,4.217,4.199,4.167,4.152
1759562556.837768,4.488,4.424,4.395,4.366,4.340,4.315,4.291,4.268,4.227,4.208
1759562557.0475795,4.559,4.489,4.456,4.425,4.396,4.367,4.341,4.316,4.269,4.248
1759562557.3189263,4.672,4.592,4.555,4.520,4.486,4.454,4.424,4.395,4.342,4.317
1759562557.5273843,4.813,4.723,4.680,4.640,4.601,4.564,4.529,4.496,4.434,4.405
1759562557.7944632,4.975,4.871,4.822,4.776,4.732,4.689,4.649,4.611,4.540,4.507
1759562558.0209048,3.314,3.313,3.348,4.983,4.930,4.880,4.832,4.786,4.700,4.660
1759562558.2698824,4.831,4.985,5.068,5.154,5.245,5.340,3.373,3.330,3.321,3.347
1759562558.5468078,4.293,4.396,4.451,4.509,4.569,4.632,4.697,4.766,4.911,4.989
1759562558.772204,4.010,4.087,4.129,4.172,4.217,4.264,4.313,4.364,4.472,4.530
1759562559.022175,3.843,3.905,3.938,3.973,4.009,4.047,4.087,4.128,4.215,4.261
1759562559.2328718,3.730,3.782,3.809,3.838,3.869,3.901,3.934,3.968,4.042,4.081
1759562559.4764354,3.676,3.722,3.747,3.774,3.801,3.830,3.860,3.892,3.958,3.994
1759562559.7056446,2.065,3.685,3.708,3.732,3.757,3.783,3.811,3.840,3.901,3.934
1759562559.9770982,2.042,2.060,2.087,2.145,3.703,3.726,3.751,3.776,3.830,3.859
1759562560.2136207,2.085,2.056,2.054,2.060,2.075,2.102,2.169,3.717,3.764,3.790
1759562560.4694555,3.546,2.132,2.096,2.077,2.068,2.067,2.073,2.089,2.196,3.730
1759562560.6986868,3.505,3.524,3.534,3.545,2.154,2.102,2.077,2.064,2.062,2.073
1759562560.9191175,3.477,3.494,3.504,3.515,3.527,2.108,2.069,2.049,2.037,2.042
1759562561.143521,3.462,3.480,3.490,3.501,3.513,2.077,2.047,2.029,2.020,2.026
1759562561.3931193,3.453,3.469,3.478,3.489,3.500,3.511,2.078,2.046,2.020,2.018
1759562561.5662804,3.449,3.460,3.466,3.474,3.482,3.491,3.501,3.512,2.093,2.060
1759562561.7547028,3.456,3.463,3.468,3.473,3.480,3.487,3.495,3.504,3.525,3.536
1759562561.9099932,2.085,2.083,2.083,2.083,2.084,2.085,2.087,2.089,2.095,2.098
1759562562.106866,2.681,2.720,2.741,2.763,2.786,2.810,2.835,2.861,2.917,2.946
1759562562.2649767,3.516,3.526,3.533,3.540,3.548,3.557,3.567,3.577,2.186,2.140
1759562562.53918,3.536,3.548,3.556,3.564,3.573,3.584,3.595,3.607,2.139,2.122
1759562562.7640116,3.560,3.576,3.586,3.596,3.608,2.231,2.169,2.142,2.124,2.126
1759562562.978228,3.577,3.596,3.607,3.619,2.197,2.159,2.139,2.130,2.136,2.152
1759562563.2257078,3.577,3.595,3.606,3.618,2.205,2.162,2.142,2.132,2.135,2.150
1759562563.472996,3.570,3.585,3.594,3.604,3.614,3.626,2.226,2.177,2.143,2.139
1759562563.654379,3.567,3.577,3.583,3.591,3.599,3.608,3.617,3.628,2.225,2.184
1759562563.893231,3.572,3.577,3.580,3.585,3.590,3.596,3.604,3.612,3.630,3.641
1759562564.079765,2.761,2.741,2.731,2.723,2.715,2.708,2.701,2.696,2.686,2.682
1759562564.2395437,2.219,2.231,2.238,2.246,2.255,2.263,2.273,2.283,2.305,2.317
1759562564.4290268,3.624,3.629,3.632,3.637,3.642,3.649,3.656,3.664,3.683,3.694
1759562564.6251178,3.647,3.655,3.660,3.665,3.672,3.680,3.688,3.698,3.719,2.364
1759562564.7952807,3.661,3.671,3.677,3.684,3.692,3.700,3.710,3.721,2.328,2.281
1759562565.0118766,3.681,3.694,3.702,3.711,3.721,3.732,3.743,2.325,2.265,2.256
1759562565.2470577,3.685,3.699,3.707,3.717,3.727,3.738,3.750,2.306,2.262,2.257
1759562565.4850483,3.685,3.697,3.704,3.712,3.721,3.732,3.743,3.754,2.284,2.268
1759562565.6758876,3.686,3.693,3.698,3.704,3.710,3.718,3.727,3.736,3.758,2.370
1759562565.865554,3.695,3.696,3.699,3.702,3.706,3.711,3.717,3.723,3.739,3.749
1759562566.0446384,3.711,3.709,3.710,3.711,3.713,3.717,3.721,3.725,3.738,3.745
1759562566.2259514,2.089,2.087,2.087,2.088,2.089,2.091,2.093,2.095,2.102,2.106
1759562566.4084997,2.801,2.847,2.871,2.897,2.924,2.951,2.980,3.011,3.075,3.109
1759562566.5895846,3.766,3.767,3.769,3.772,3.775,3.780,3.785,3.791,3.807,3.816
1759562566.806059,3.779,3.781,3.784,3.788,3.792,3.798,3.804,3.811,3.829,3.839
1759562566.9983337,3.792,3.798,3.803,3.808,3.814,3.821,3.829,3.838,3.859,3.871
1759562567.1836917,3.800,3.808,3.813,3.820,3.827,3.835,3.844,3.854,2.500,2.428
1759562567.3996193,3.801,3.808,3.814,3.820,3.827,3.835,3.843,3.853,3.876,2.439
1759562567.5810325,3.808,3.811,3.814,3.818,3.823,3.829,3.835,3.843,3.861,3.872
1759562567.7447867,3.821,3.819,3.820,3.821,3.823,3.826,3.831,3.836,3.848,3.856
1759562567.9497535,3.844,3.836,3.834,3.833,3.832,3.833,3.834,3.836,3.844,3.849
1759562568.217958,2.678,2.660,2.652,2.645,2.639,2.633,2.628,2.624,2.617,2.614
1759562568.4696224,2.276,2.291,2.299,2.308,2.318,2.328,2.339,2.351,2.376,2.389
1759562568.6719203,3.895,3.888,3.886,3.885,3.885,3.886,3.887,3.890,3.898,3.904
1759562568.8555377,3.910,3.906,3.905,3.905,3.906,3.909,3.912,3.916,3.927,3.933
1759562569.0451558,3.916,3.914,3.915,3.916,3.919,3.922,3.927,3.932,3.945,3.953
1759562569.2207668,3.924,3.926,3.928,3.932,3.936,3.942,3.948,3.955,3.972,3.982
1759562569.4113164,3.926,3.929,3.931,3.935,3.940,3.946,3.953,3.960,3.978,3.989
1759562569.5758338,3.933,3.933,3.935,3.938,3.941,3.946,3.951,3.958,3.973,3.983
1759562569.7966747,3.949,3.945,3.944,3.944,3.945,3.947,3.950,3.954,3.964,3.971
1759562570.047713,3.975,3.965,3.961,3.959,3.957,3.956,3.956,3.958,3.963,3.966
1759562570.279955,4.004,3.935,3.900,3.866,3.834,3.803,3.774,3.746,3.695,3.671
1759562570.503304,2.097,2.098,2.099,2.101,2.103,2.106,2.109,2.113,2.121,2.127
1759562570.7167764,2.940,2.994,3.023,3.052,3.084,3.116,3.150,3.185,3.260,3.300
1759562570.9931767,4.051,4.039,4.035,4.032,4.030,4.029,4.029,4.029,4.034,4.038
1759562571.184547,4.057,4.048,4.044,4.042,4.041,4.041,4.041,4.043,4.049,4.053
1759562571.3665485,4.060,4.054,4.053,4.052,4.052,4.054,4.056,4.059,4.069,4.075
1759562571.5206733,4.061,4.058,4.057,4.058,4.059,4.062,4.065,4.070,4.082,4.089
1759562571.7359917,4.064,4.060,4.059,4.060,4.061,4.063,4.066,4.071,4.082,4.089
1759562571.9171638,4.085,4.076,4.073,4.071,4.070,4.070,4.071,4.073,4.080,4.085
1759562572.1522906,4.116,4.102,4.096,4.091,4.087,4.085,4.083,4.082,4.084,4.086
1759562572.385454,4.157,4.137,4.128,4.121,4.114,4.108,4.104,4.100,4.096,4.095
1759562572.6419442,2.525,2.510,2.504,2.499,2.494,2.490,2.486,2.484,2.479,2.478
1759562572.863437,2.336,2.354,2.364,2.374,2.386,2.397,2.410,2.423,2.451,2.467
1759562573.0958824,4.206,4.186,4.178,4.171,4.164,4.159,4.155,4.152,4.148,4.148
1759562573.3220208,4.212,4.195,4.188,4.182,4.177,4.173,4.170,4.169,4.168,4.169
1759562573.5925202,4.209,4.195,4.189,4.185,4.181,4.179,4.177,4.177,4.179,4.181
1759562573.7873971,4.204,4.194,4.190,4.188,4.186,4.186,4.186,4.188,4.194,4.198
1759562573.9368377,4.203,4.194,4.191,4.188,4.187,4.187,4.188,4.190,4.197,4.201
1759562574.244314,4.219,4.207,4.202,4.199,4.196,4.195,4.195,4.195,4.199,4.203
1759562574.4485724,4.253,4.236,4.228,4.222,4.217,4.213,4.209,4.207,4.206,4.207
1759562574.6849391,4.300,4.276,4.265,4.256,4.248,4.240,4.234,4.229,4.222,4.220
1759562574.92665,3.810,3.746,3.716,3.687,3.660,3.634,3.610,3.587,3.544,3.524
1759562575.167242,2.108,2.110,2.112,2.114,2.117,2.121,2.125,2.129,2.140,2.146
1759562575.3845882,3.102,3.165,3.199,3.234,3.270,3.308,3.348,3.390,3.478,3.524
1759562575.590216,4.375,4.350,4.339,4.329,4.321,4.314,4.307,4.302,4.295,4.293
1759562575.859469,4.371,4.348,4.339,4.330,4.323,4.317,4.312,4.307,4.302,4.301
1759562576.1400225,4.356,4.339,4.331,4.325,4.321,4.317,4.314,4.312,4.312,4.313
1759562576.3515012,4.349,4.335,4.329,4.324,4.320,4.318,4.316,4.316,4.318,4.320
1759562576.5728528,4.355,4.340,4.333,4.328,4.324,4.321,4.319,4.318,4.320,4.322
1759562576.7930117,4.389,4.368,4.359,4.352,4.345,4.340,4.336,4.333,4.329,4.329
1759562577.0559812,4.438,4.411,4.399,4.389,4.379,4.371,4.363,4.357,4.348,4.345
1759562577.2977536,4.498,4.464,4.449,4.435,4.422,4.411,4.400,4.391,4.376,4.370
1759562577.535993,2.422,2.411,2.406,2.402,2.398,2.395,2.393,2.391,2.389,2.389
1759562578.9711425,2.290,2.308,2.319,2.329,2.341,2.353,2.366,2.380,2.409,2.424
1759562579.1683269,4.542,4.509,4.495,4.481,4.469,4.458,4.448,4.439,4.425,4.420
1759562579.3910875,4.539,4.509,4.496,4.484,4.473,4.464,4.455,4.448,4.436,4.432
1759562579.6099808,4.521,4.495,4.484,4.474,4.466,4.458,4.451,4.446,4.438,4.436
1759562579.8292506,4.502,4.481,4.472,4.465,4.458,4.453,4.448,4.445,4.442,4.442
1759562580.0154648,4.500,4.479,4.471,4.464,4.457,4.452,4.448,4.445,4.443,4.443
1759562580.2783968,4.525,4.502,4.492,4.483,4.475,4.468,4.463,4.458,4.452,4.451
1759562580.5103338,4.575,4.545,4.532,4.520,4.509,4.500,4.491,4.484,4.473,4.468
1759562580.776711,4.641,4.604,4.587,4.571,4.557,4.544,4.532,4.521,4.504,4.496
1759562581.0041878,3.654,3.598,3.572,3.548,3.524,3.502,3.481,3.461,3.425,3.408
1759562581.2386184,2.111,2.115,2.118,2.121,2.124,2.129,2.133,2.138,2.150,2.157
1759562581.4731174,3.354,3.431,3.473,3.516,3.561,3.608,3.657,3.708,3.816,3.874
1759562581.717515,4.712,4.675,4.658,4.642,4.628,4.615,4.603,4.593,4.575,4.568
1759562581.9742079,4.696,4.662,4.647,4.633,4.620,4.609,4.598,4.589,4.574,4.568
1759562582.2032971,4.664,4.636,4.623,4.613,4.603,4.594,4.587,4.580,4.571,4.568
1759562582.4546895,4.652,4.627,4.616,4.606,4.597,4.590,4.583,4.578,4.571,4.569
1759562582.7075691,4.663,4.636,4.624,4.614,4.605,4.597,4.590,4.584,4.576,4.573
1759562582.9449432,4.709,4.677,4.662,4.649,4.638,4.627,4.617,4.609,4.596,4.591
1759562583.15827,4.777,4.737,4.719,4.702,4.687,4.673,4.660,4.648,4.629,4.621
1759562583.404811,4.853,4.806,4.784,4.764,4.745,4.728,4.711,4.697,4.615,4.558
1759562583.6273856,2.327,2.318,2.314,2.311,2.309,2.307,2.305,2.304,2.304,2.305
1759562583.908224,2.336,2.357,2.369,2.381,2.394,2.408,2.422,2.437,2.470,2.487
1759562584.1266048,4.890,4.845,4.824,4.805,4.787,4.770,4.754,4.740,4.716,4.705
1759562584.3785133,4.875,4.833,4.814,4.797,4.780,4.765,4.752,4.739,4.718,4.709
1759562584.6002967,4.840,4.803,4.787,4.772,4.758,4.746,4.735,4.725,4.708,4.702
1759562584.8377807,4.807,4.776,4.763,4.751,4.740,4.730,4.721,4.714,4.702,4.698
1759562585.0605197,4.804,4.774,4.760,4.748,4.738,4.728,4.720,4.713,4.702,4.698
1759562585.3106751,4.839,4.805,4.790,4.776,4.763,4.752,4.742,4.733,4.718,4.713
1759562585.5510366,4.903,4.862,4.844,4.826,4.810,4.796,4.783,4.771,4.750,4.742
1759562585.8003888,4.986,4.937,4.914,4.893,4.874,4.855,4.838,4.822,4.762,4.675
1759562586.0291305,3.433,3.387,3.366,3.346,3.327,3.309,3.292,3.276,3.247,3.233
1759562586.2672982,2.134,2.139,2.142,2.146,2.151,2.156,2.161,2.167,2.181,2.188
1759562586.4593987,3.690,3.789,3.842,3.898,3.956,4.017,4.080,4.146,4.287,4.363
1759562586.6770988,5.047,4.999,4.977,4.956,4.937,4.919,4.902,4.887,4.860,4.849
1759562586.9045634,5.018,4.973,4.953,4.935,4.917,4.902,4.887,4.874,4.851,4.841
1759562587.1186755,4.970,4.933,4.916,4.901,4.887,4.874,4.863,4.853,4.836,4.830
1759562587.3227947,4.954,4.919,4.904,4.890,4.878,4.866,4.856,4.847,4.833,4.828
1759562587.5494337,4.968,4.933,4.917,4.902,4.889,4.876,4.866,4.856,4.840,4.834
1759562587.7830954,5.025,4.983,4.965,4.947,4.931,4.916,4.902,4.890,4.869,4.861
1759562588.023668,5.108,5.058,5.035,5.013,4.993,4.975,4.957,4.878,4.693,4.608
1759562588.2800112,5.151,4.991,4.917,4.846,4.779,4.715,4.653,4.595,4.486,4.435
1759562588.5426064,2.221,2.214,2.212,2.209,2.208,2.207,2.206,2.206,2.208,2.209
1759562588.7760925,2.386,2.411,2.424,2.437,2.452,2.467,2.483,2.500,2.536,2.555
1759562589.0269475,5.224,5.168,5.142,5.118,5.095,5.074,5.055,5.036,5.004,4.990
1759562589.3090544,5.197,5.146,5.122,5.100,5.080,5.060,5.043,5.026,4.998,4.985
1759562589.5388758,5.148,5.103,5.083,5.064,5.046,5.030,5.015,5.002,4.979,4.969
1759562589.795913,5.108,5.069,5.052,5.035,5.021,5.007,4.995,4.984,4.966,4.959
1759562590.0128639,5.106,5.067,5.050,5.034,5.019,5.006,4.994,4.983,4.965,4.958
1759562590.2224536,5.152,5.108,5.088,5.070,5.053,5.038,5.024,5.011,4.989,4.980
1759562590.456635,5.230,5.178,5.155,5.133,5.112,5.093,5.076,5.060,4.919,4.831
1759562590.6859865,5.330,5.269,5.241,5.214,5.190,5.166,5.102,4.998,4.807,4.719
1759562590.9567883,3.272,3.233,3.215,3.198,3.182,3.167,3.153,3.140,3.116,3.106
1759562591.2092671,2.176,2.183,2.187,2.192,2.198,2.204,2.210,2.217,2.233,2.242
1759562591.4428074,3.966,4.087,4.152,4.220,4.291,4.365,4.443,4.525,4.700,4.794
1759562591.7159998,5.376,5.317,5.290,5.265,5.241,5.219,5.198,5.179,5.145,5.129
1759562591.9920478,5.334,5.280,5.256,5.233,5.212,5.192,5.173,5.156,5.127,5.114
1759562592.2160497,5.273,5.227,5.207,5.188,5.170,5.154,5.139,5.126,5.103,5.093
1759562592.4870532,5.258,5.214,5.195,5.177,5.160,5.145,5.131,5.119,5.098,5.089
1759562592.7620444,5.278,5.233,5.213,5.194,5.176,5.160,5.145,5.131,5.109,5.099
1759562593.0052056,5.348,5.296,5.272,5.250,5.229,5.210,5.192,5.176,5.147,5.134
1759562593.2982779,5.447,5.386,5.358,5.318,5.199,5.086,4.979,4.879,4.693,4.608
1759562593.5822105,3.988,4.842,4.775,4.710,4.649,4.590,4.534,4.481,4.381,4.335
1759562593.8215158,2.152,2.147,2.145,2.143,2.143,2.142,2.143,2.143,2.146,2.148
1759562594.0312517,2.448,2.476,2.491,2.506,2.523,2.540,2.558,2.576,2.617,2.638
1759562594.2856514,5.562,5.495,5.464,5.435,5.408,5.382,5.358,5.335,5.295,5.276
1759562594.5486295,5.524,5.463,5.434,5.408,5.382,5.359,5.337,5.317,5.280,5.264
1759562594.8075075,5.460,5.406,5.382,5.359,5.337,5.317,5.298,5.281,5.251,5.238
1759562595.0498247,5.415,5.366,5.345,5.324,5.306,5.288,5.272,5.258,5.233,5.222
1759562595.3160534,5.412,5.364,5.343,5.322,5.304,5.286,5.271,5.256,5.231,5.221
1759562595.5662808,5.470,5.417,5.393,5.370,5.348,5.329,5.310,5.293,5.264,5.251
1759562595.79959,5.564,5.502,5.473,5.446,5.387,5.273,5.164,5.061,4.872,4.785
1759562596.072199,4.096,5.608,5.575,5.490,5.366,5.248,5.138,5.033,4.840,4.752
1759562596.316937,3.124,3.091,3.076,3.062,3.049,3.036,3.025,3.014,2.995,2.987
1759562596.557067,2.186,2.194,2.199,2.205,2.211,2.218,2.225,2.233,2.251,2.260
1759562596.7889268,4.137,4.252,5.106,5.220,5.339,5.466,5.524,5.497,5.450,5.428
1759562597.0092652,4.207,5.651,5.618,5.588,5.559,5.531,5.506,5.482,5.438,5.419
1759562597.2782571,5.662,5.598,5.569,5.541,5.515,5.491,5.468,5.447,5.409,5.392
1759562597.5070336,5.587,5.532,5.507,5.484,5.462,5.441,5.423,5.405,5.375,5.362
1759562597.7554038,5.568,5.516,5.492,5.470,5.449,5.429,5.412,5.395,5.367,5.355
1759562597.9852974,5.595,5.540,5.515,5.492,5.470,5.449,5.430,5.413,5.382,5.369
1759562598.2291005,5.679,5.616,5.587,5.560,5.535,5.511,5.488,5.467,5.293,5.203
1759562598.4679387,4.225,4.210,4.260,4.532,4.449,4.370,4.295,4.224,4.091,4.030
1759562598.6989424,3.515,3.444,3.410,3.378,3.348,3.319,3.291,3.265,3.216,3.193
1759562598.89514,2.114,2.110,2.109,2.108,2.108,2.108,2.109,2.111,2.115,2.118
1759562599.1439834,2.536,2.567,2.584,2.602,2.621,2.640,2.661,2.682,2.727,2.751
1759562599.3936899,5.755,6.053,6.192,6.138,6.086,6.037,5.990,4.354,4.233,4.242
1759562599.5920565,5.990,4.254,4.231,4.240,4.293,5.749,5.715,5.684,5.626,5.600
1759562599.8075688,5.707,5.646,5.619,5.592,5.568,5.545,5.523,5.503,5.468,5.452
1759562600.0514214,5.574,5.529,5.508,5.489,5.472,5.456,5.441,5.428,5.406,5.397
1759562600.272737,5.546,5.504,5.485,5.468,5.452,5.438,5.425,5.414,5.395,5.388
1759562600.4946196,5.164,5.038,4.980,4.924,4.870,4.819,4.770,4.724,4.637,4.597
1759562600.743572,4.347,4.204,4.138,4.074,4.014,3.956,3.901,3.849,3.751,3.706
1759562600.980916,5.178,4.961,4.861,4.767,4.677,4.591,4.511,4.434,4.291,4.226
1759562601.203075,2.315,2.296,2.288,2.281,2.274,2.268,2.262,2.257,2.249,2.245
1759562601.4293916,2.153,2.163,2.168,2.175,2.181,2.189,2.197,2.205,2.224,2.234
1759562601.6670809,2.473,2.550,5.055,5.160,5.271,5.388,5.511,5.641,5.923,6.076
1759562601.8952012,5.266,5.507,5.638,5.777,5.923,6.079,6.229,6.176,6.077,6.031
1759562602.1265142,6.231,6.125,6.076,6.029,5.984,4.302,4.273,4.278,5.792,5.760
1759562602.3950377,4.358,4.273,4.291,4.370,5.780,5.748,5.717,5.688,5.636,5.612
1759562602.6160295,4.280,5.795,5.762,5.730,5.700,5.672,5.646,5.622,5.577,5.557
1759562602.865516,4.317,4.280,4.317,5.801,5.768,5.736,5.706,5.678,5.628,5.605
1759562603.1004303,4.463,4.334,4.274,4.217,4.162,4.110,4.060,4.013,3.924,3.883
1759562603.3296306,2.545,4.229,4.157,4.089,4.024,3.961,3.902,3.846,3.741,3.693
1759562603.5681696,4.339,2.520,2.493,2.481,2.480,2.491,2.515,2.573,5.201,5.311
1759562603.7858713,2.878,2.571,2.519,2.496,2.487,2.489,2.501,2.531,2.896,2.901
1759562604.0269156,2.739,2.522,2.500,2.493,2.496,2.510,2.543,2.923,2.980,3.010
1759562604.295446,2.526,2.506,2.512,2.533,2.576,5.133,5.242,5.357,5.606,5.740
1759562604.5930078,5.151,5.380,5.504,5.635,5.774,5.921,6.077,6.242,6.186,6.137
1759562604.8095765,6.014,6.256,6.203,6.153,6.105,6.059,4.419,4.339,4.335,4.401
1759562605.0640435,6.141,6.048,4.383,4.332,4.324,4.349,5.853,5.820,5.759,5.731
1759562605.3133037,6.114,6.024,4.346,4.324,4.334,4.392,5.834,5.802,5.743,5.716
1759562605.5360537,4.532,4.440,4.397,4.356,4.317,4.279,4.244,4.210,4.147,4.117
1759562605.766543,2.550,3.749,3.698,3.650,3.604,3.561,3.519,3.479,3.405,3.370
1759562606.017583,4.237,4.369,4.378,2.576,2.538,2.521,2.516,2.521,2.580,3.880
1759562606.243512,4.053,4.167,4.228,4.292,4.359,4.429,2.607,2.555,2.523,2.525
1759562606.475793,4.054,4.168,4.230,4.294,4.361,4.431,2.647,2.575,2.535,2.534
1759562606.7602782,4.118,4.239,4.303,4.371,4.442,2.682,2.588,2.559,2.545,2.555
1759562607.0093257,4.518,2.561,2.548,2.547,2.558,2.583,2.649,5.267,5.506,5.635
1759562607.2456434,2.669,5.399,5.525,5.658,5.799,5.948,6.106,6.273,6.232,6.183
1759562607.5025523,5.854,6.171,6.317,6.264,6.213,6.165,6.119,6.075,4.372,4.375
1759562607.773868,6.178,6.263,6.212,6.164,6.118,6.074,4.404,4.373,4.422,5.887
1759562608.035054,5.712,5.633,5.596,5.562,5.529,5.497,5.468,5.440,4.379,4.376
1759562608.2612126,2.573,3.609,3.573,3.537,3.504,3.472,3.441,3.412,3.358,3.332
1759562608.4770486,3.662,3.562,3.515,2.611,2.574,2.558,2.554,2.561,2.628,3.210
1759562608.7209706,3.871,3.968,4.020,4.075,4.132,4.191,4.253,4.318,4.456,4.529
1759562608.9705749,3.847,3.942,3.993,4.046,4.102,4.160,4.220,4.283,4.418,4.489
1759562609.2040818,3.863,3.960,4.012,4.066,4.122,4.181,4.242,4.306,4.443,4.516
1759562609.4206986,4.017,4.129,4.188,4.250,4.315,4.383,4.454,4.529,2.624,2.600
1759562609.6806023,4.457,2.677,2.621,2.598,2.589,2.592,2.607,2.643,5.403,5.526
1759562609.936706,2.594,2.654,5.309,5.430,5.557,5.691,5.833,5.984,6.311,6.337
1759562610.206441,5.382,5.639,5.779,5.928,6.085,6.252,6.356,6.304,6.207,6.162
1759562610.4895818,5.399,5.658,5.799,5.949,6.108,6.277,6.350,6.298,6.202,6.158
1759562610.737581,2.595,2.612,2.646,3.823,3.797,3.772,3.748,3.726,3.685,3.667
1759562610.9697087,3.389,3.312,3.276,3.241,2.688,2.630,2.607,2.597,2.615,2.649
1759562612.3547807,3.769,3.857,3.877,3.823,3.771,3.723,3.676,3.631,3.548,3.510
1759562612.549381,3.646,3.723,3.764,3.806,3.851,3.897,3.946,3.996,4.104,4.161
1759562612.7892845,3.653,3.730,3.771,3.814,3.859,3.905,3.954,4.005,4.113,4.170
1759562613.0103817,3.703,3.785,3.828,3.874,3.921,3.970,4.022,4.076,4.190,4.250
1759562613.2685814,3.965,4.070,4.127,4.186,4.248,4.312,4.380,4.450,4.600,2.722
1759562613.5037024,4.363,4.508,4.585,2.736,2.669,2.643,2.633,2.635,2.683,5.359
1759562613.739528,2.666,2.635,2.640,2.657,2.697,5.388,5.512,5.642,5.925,6.079
1759562613.9960363,2.639,2.647,2.672,2.740,5.449,5.577,5.712,5.855,6.165,6.334
1759562614.2094584,2.702,2.643,2.639,2.647,2.671,2.725,4.857,4.839,4.808,4.794
1759562614.469906,3.196,3.144,3.121,3.098,3.076,2.740,2.677,2.653,2.646,2.661
1759562614.6936715,3.157,3.090,3.059,3.029,3.001,2.974,2.948,2.923,2.877,2.856
1759562614.9453008,3.493,3.554,3.587,3.622,3.658,3.695,3.734,3.775,3.862,3.907
1759562615.1639142,3.425,3.480,3.509,3.540,3.572,3.606,3.640,3.677,3.754,3.795
1759562615.4028318,2.583,2.616,2.634,2.653,2.672,2.692,2.714,2.736,2.783,2.808
1759562615.6796935,3.570,3.638,3.674,3.712,3.752,3.793,3.836,3.881,3.976,4.026
1759562615.8950014,3.767,3.853,3.899,3.946,3.996,4.048,4.102,4.159,4.279,4.343
1759562616.137248,3.994,4.101,4.158,4.218,4.280,4.345,4.413,4.484,4.635,4.716
1759562616.3341484,4.160,4.282,4.347,4.416,4.487,4.562,4.641,4.723,2.708,2.695
1759562616.593819,4.155,4.277,4.342,4.410,4.482,4.556,4.634,4.716,2.711,2.697
1759562616.8148887,3.691,3.639,3.614,3.591,3.569,3.549,3.529,3.511,3.477,3.462
1759562617.0260534,3.114,3.053,3.025,2.998,2.972,2.947,2.924,2.901,2.860,2.841
1759562617.2448144,3.340,3.384,3.408,3.433,3.459,3.437,3.401,3.365,3.300,3.270
1759562617.473241,3.242,3.275,3.293,3.312,3.332,3.353,3.374,3.397,3.446,3.472
1759562617.7187355,3.202,3.229,3.244,3.259,3.276,3.293,3.312,3.331,3.373,3.395
1759562617.949183,3.206,3.232,3.247,3.263,3.279,3.297,3.315,3.334,3.376,3.398
1759562618.1369598,3.296,3.334,3.355,3.377,3.399,3.423,3.448,3.474,3.530,3.559
1759562618.3308628,3.446,3.500,3.529,3.559,3.590,3.623,3.658,3.693,3.769,3.809
1759562618.5636492,3.604,3.673,3.710,3.748,3.788,3.830,3.874,3.919,4.015,4.066
1759562618.8176904,3.659,3.733,3.773,3.814,3.857,3.902,3.949,3.998,4.101,4.156
1759562619.0973258,3.574,3.640,3.676,3.712,3.751,3.791,3.833,3.876,3.968,4.017
